Starting Dynare (version 4.5.7).
Starting preprocessing of the model file ...
Found 10 equation(s).
Evaluating expressions...done
Computing static model derivatives:
 - order 1
Computing dynamic model derivatives:
 - order 1
Processing outputs ...
done
Preprocessing completed.

EIGENVALUES:
         Modulus             Real        Imaginary

             0.5              0.5                0
             0.9              0.9                0
             1.5              1.5                0
       1.248e+17        1.248e+17                0


There are 2 eigenvalue(s) larger than 1 in modulus 
for 2 forward-looking variable(s)

The rank condition is verified.


STEADY-STATE RESULTS:

c  		 0.96404
r  		 0.0100503
i  		 0.0100503
pi 		 0
n  		 -0.0479466
w  		 0.724305
y  		 0.96404
a  		 1
m  		 0.926151
nu 		 0

MODEL SUMMARY

  Number of variables:         10
  Number of stochastic shocks: 2
  Number of state variables:   2
  Number of jumpers:           2
  Number of static variables:  6


MATRIX OF COVARIANCE OF EXOGENOUS SHOCKS
Variables          ea        em
ea           0.000100  0.000000
em           0.000000  0.010000

POLICY AND TRANSITION FUNCTIONS
                                   c               r               i              pi               n               w               y               a               m              nu
Constant                    0.964040        0.010050        0.010050               0       -0.047947        0.724305        0.964040        1.000000        0.926151               0
a(-1)                       0.900000       -0.090000       -0.225000       -0.150000               0        0.900000        0.900000        0.900000        1.748248               0
nu(-1)                             0               0       -0.250000       -0.500000               0               0               0               0        0.942499        0.500000
ea                         -1.000000        0.100000        0.250000        0.166667               0       -1.000000       -1.000000       -1.000000       -1.942498               0
em                                 0               0       -0.500000       -1.000000               0               0               0               0        1.884999        1.000000


THEORETICAL MOMENTS
VARIABLE         MEAN  STD. DEV.   VARIANCE
c              0.9640     0.0229     0.0005
r              0.0101     0.0023     0.0000
i              0.0101     0.0580     0.0034
pi             0.0000     0.1155     0.0133
n             -0.0479     0.0000     0.0000
w              0.7243     0.0229     0.0005
y              0.9640     0.0229     0.0005
a              1.0000     0.0229     0.0005
m              0.9262     0.2222     0.0494
nu             0.0000     0.1155     0.0133



VARIANCE DECOMPOSITION (in percent)
          ea      em
c     100.00    0.00
r     100.00    0.00
i       0.98   99.02
pi      0.11   99.89
n     100.00    0.00
w     100.00    0.00
y     100.00    0.00
a     100.00    0.00
m       4.02   95.98
nu      0.00  100.00



MATRIX OF CORRELATIONS
Variables         c       r       i      pi       w       y       a       m      nu
c            1.0000 -1.0000 -0.0989 -0.0331  1.0000  1.0000  1.0000  0.2006  0.0000
r           -1.0000  1.0000  0.0989  0.0331 -1.0000 -1.0000 -1.0000 -0.2006  0.0000
i           -0.0989  0.0989  1.0000  0.9978 -0.0989 -0.0989 -0.0989 -0.9947 -0.9951
pi          -0.0331  0.0331  0.9978  1.0000 -0.0331 -0.0331 -0.0331 -0.9858 -0.9995
w            1.0000 -1.0000 -0.0989 -0.0331  1.0000  1.0000  1.0000  0.2006  0.0000
y            1.0000 -1.0000 -0.0989 -0.0331  1.0000  1.0000  1.0000  0.2006  0.0000
a            1.0000 -1.0000 -0.0989 -0.0331  1.0000  1.0000  1.0000  0.2006  0.0000
m            0.2006 -0.2006 -0.9947 -0.9858  0.2006  0.2006  0.2006  1.0000  0.9797
nu           0.0000  0.0000 -0.9951 -0.9995  0.0000  0.0000  0.0000  0.9797  1.0000



COEFFICIENTS OF AUTOCORRELATION
Order         1       2       3       4       5
c        0.9000  0.8100  0.7290  0.6561  0.5905
r        0.9000  0.8100  0.7290  0.6561  0.5905
i        0.5039  0.2555  0.1309  0.0683  0.0367
pi       0.5004  0.2506  0.1257  0.0632  0.0319
w        0.9000  0.8100  0.7290  0.6561  0.5905
y        0.9000  0.8100  0.7290  0.6561  0.5905
a        0.9000  0.8100  0.7290  0.6561  0.5905
m        0.5161  0.2725  0.1493  0.0864  0.0537
nu       0.5000  0.2500  0.1250  0.0625  0.0312
Total computing time : 0h00m15s
